0 0.427022 0.0401431 0.0252052 0.0357711
0 0.323857 0.0337838 0.0193435 0.0310016
0 0.393611 0.0624006 0.0263775 0.0373609
0 0.300996 0.0441176 0.0193435 0.0294118
0 0.176436 0.0357711 0.0199297 0.0333863
0 0.349355 0.128378 0.0269637 0.0516693
0 0.454865 0.0127186 0.021102 0.0254372
0 0.201348 0.128776 0.0310668 0.0492846
0 0.586753 0.124801 0.028136 0.0445151
0 0.190504 0.0691574 0.0234467 0.036566
0 0.285463 0.180843 0.0375147 0.0596184
0 0.508499 0.708267 0.124853 0.171701
0 0.97714 0.269475 0.0433763 0.0953895
0 0.196073 0.293323 0.0615475 0.0937997
