0 0.202227 0.0148554 0.0152403 0.0234558
0 0.200176 0.0238468 0.0158265 0.0242377
0 0.267292 0.0383112 0.017585 0.0265833
0 0.251172 0.0461298 0.0193435 0.0297107
0 0.412368 0.0285379 0.0181712 0.0258014
0 0.383353 0.0211102 0.0152403 0.0234558
0 0.213951 0.107115 0.0363423 0.0500391
0 0.389508 0.0809226 0.0228605 0.0351837
0 0.452227 0.0496482 0.0181712 0.0273651
0 0.274033 0.0144644 0.0158265 0.022674
0 0.227726 0.0347928 0.0169988 0.0258014
0 0.477726 0.0543393 0.0187573 0.0304926
0 0.220985 0.0691947 0.0234467 0.0367475
0 0.336753 0.0387021 0.0181712 0.0273651
0 0.609906 0.111415 0.0275498 0.0445661
0 0.37925 0.103597 0.0269637 0.0461298
0 0.827081 0.0211102 0.0328253 0.0422205
0 0.674091 0.139562 0.0304807 0.050821
0 0.307444 0.164191 0.0334115 0.0578577
0 0.208382 0.275997 0.0627198 0.0906959
