0 0.281067 0.0629599 0.0158265 0.0245298
0 0.436401 0.0143091 0.0158265 0.0253475
0 0.286928 0.0404742 0.0134818 0.0220769
0 0.458675 0.0744072 0.0181712 0.0278005
0 0.260551 0.0572363 0.0169988 0.0278005
0 0.421161 0.0143091 0.0205158 0.0286182
0 0.336753 0.0515127 0.0181712 0.0294358
0 0.545135 0.0940311 0.0234467 0.0359771
0 0.23476 0.0973017 0.0228605 0.0392478
0 0.218933 0.0494685 0.0181712 0.0286182
0 0.609613 0.137367 0.0269637 0.0425184
0 0.364889 0.104252 0.0216882 0.0400654
0 0.311254 0.184791 0.0363423 0.0670482
0 0.22714 0.266558 0.0439625 0.0768602
