0 0.356389 0.0226171 0.0152403 0.0226171
0 0.178195 0.0222132 0.0164127 0.0218094
0 0.345838 0.0339257 0.0164127 0.0242326
0 0.315358 0.0440226 0.0187573 0.0266559
0 0.392438 0.0319063 0.0158265 0.0250404
0 0.302169 0.0278675 0.0169988 0.0266559
0 0.228605 0.0436187 0.017585 0.0306947
0 0.517878 0.0682553 0.0252052 0.0411955
0 0.206917 0.0270598 0.0164127 0.0266559
0 0.455451 0.0597738 0.0199297 0.0323102
0 0.251758 0.0157512 0.0158265 0.0250404
0 0.355217 0.0884491 0.0234467 0.036349
0 0.199004 0.0763328 0.0240328 0.0411955
0 0.638335 0.121163 0.0293083 0.0500808
0 0.584115 0.109451 0.0263775 0.0411955
0 0.28136 0.164782 0.031653 0.0581583
