0 0.842122 0.00754126 0.0169271 0.0145134
0 0.733073 0.00526466 0.016276 0.00939101
0 0.713867 0.0377063 0.0227865 0.0219124
0 0.619466 0.00910643 0.0169271 0.0153671
0 0.862956 0.0182129 0.0221354 0.0233352
0 0.65625 0.011383 0.0214844 0.0204895
0 0.713053 0.0873648 0.0283203 0.0307342
0 0.886719 0.0298805 0.0227865 0.0221969
0 0.372396 0.0519351 0.0201823 0.0213432
0 0.599447 0.00754126 0.0166016 0.0133751
0 0.614421 0.0402675 0.0198568 0.0213432
0 0.535807 0.101878 0.0325521 0.0324417
0 0.691895 0.0994593 0.0328776 0.0327262
0 0.929199 0.0596187 0.0302734 0.0332954
0 0.725911 0.126209 0.0410156 0.0435401
0 0.266439 0.137166 0.0328776 0.037564
0 0.182617 0.198349 0.0527344 0.0489471
0 0.0540365 0.109135 0.03125 0.0298805
0 0.226725 0.160501 0.0445964 0.0500854
0 0.36849 0.183267 0.0429688 0.0500854
0 0.367839 0.258822 0.0592448 0.0623221
0 0.137533 0.176722 0.0445964 0.0455322
0 0.0530599 0.193227 0.0514323 0.0506545
