0 0.712143 0.0141149 0.0185714 0.0222517
0 0.397143 0.0450017 0.02 0.0215875
0 0.591071 0.0195948 0.0192857 0.0192627
0 0.588214 0.0395218 0.0242857 0.0232481
0 0.715536 0.020093 0.0217857 0.0249087
0 0.465893 0.0262371 0.0189286 0.0219196
0 0.454464 0.0461641 0.0253571 0.0292262
0 0.482679 0.0217536 0.0175 0.0189306
0 0.388571 0.0267353 0.0171429 0.0189306
0 0.0360714 0.00996347 0.0335714 0.0199269
0 0.241607 0.0606111 0.0260714 0.0282298
0 0.321429 0.0260711 0.0214286 0.0215875
0 0.23125 0.0302225 0.0203571 0.0232481
0 0.431786 0.0684158 0.0271429 0.0305546
0 0.591607 0.0627698 0.0289286 0.0371969
0 0.296429 0.0352043 0.0235714 0.0252408
0 0.1375 0.0440053 0.0228571 0.0249087
0 0.283214 0.0581202 0.0242857 0.0292262
0 0.827857 0.054633 0.0292857 0.0322152
0 0.171429 0.0707406 0.0357143 0.0352043
0 0.6975 0.0564596 0.0357143 0.0378612
0 0.232321 0.127366 0.0482143 0.0534706
0 0.895 0.0740618 0.0364286 0.0478246
0 0.0996429 0.117237 0.0542857 0.063102
0 0.240536 0.210727 0.0746429 0.0767187
0 0.863214 0.0951511 0.0457143 0.0547991
0 0.973036 0.0924942 0.0453571 0.0534706
