0 0.667874 0.0613254 0.0247713 0.0230795
0 0.981517 0.00791296 0.0141006 0.0118694
0 0.58346 0.0243983 0.0175305 0.0164853
0 0.806784 0.0196175 0.0182927 0.0174744
0 0.554497 0.0126937 0.0167683 0.016815
0 0.549543 0.0507748 0.0228659 0.0250577
0 0.608041 0.0138477 0.0171494 0.0178042
0 0.690168 0.0140125 0.0175305 0.0174744
0 0.685213 0.0591823 0.0243902 0.0234092
0 0.451791 0.0182987 0.0179116 0.0174744
0 0.488948 0.0125288 0.0175305 0.019123
0 0.800114 0.00791296 0.015625 0.0138477
0 0.382812 0.150511 0.0537348 0.0537422
0 0.857469 0.034784 0.023628 0.024728
0 0.293255 0.0784702 0.0323933 0.0323112
0 0.116806 0.0522585 0.0270579 0.0267062
0 0.911776 0.114243 0.0438262 0.0464886
