0 0.534017 0.00668994 0.0166016 0.0122164
0 0.258626 0.0135253 0.0205078 0.0189063
0 0.479655 0.0472659 0.0257161 0.0235602
0 0.316895 0.0491565 0.0224609 0.0215241
0 0.617188 0.0149796 0.0182292 0.0189063
0 0.419271 0.0257417 0.0175781 0.0183246
0 0.618327 0.042612 0.0224609 0.021815
0 0.758138 0.0215241 0.0201823 0.0209424
0 0.519694 0.0180337 0.0172526 0.0180337
0 0.610677 0.0722804 0.0299479 0.0357766
0 0.443848 0.0853694 0.0296224 0.0322862
0 0.0112305 0.0724258 0.0218099 0.0331588
0 0.185059 0.0449389 0.023763 0.0264689
0 0.491048 0.0293775 0.0211589 0.0232693
0 0.255046 0.090605 0.0335286 0.0351949
0 0.849609 0.0645724 0.0325521 0.0331588
0 0.288574 0.0571553 0.0250651 0.0276323
0 0.347168 0.0321408 0.0211589 0.021815
0 0.0141602 0.150087 0.0283203 0.0529378
0 0.198242 0.0922048 0.0351562 0.0325771
0 0.11377 0.150087 0.0517578 0.0581734
0 0.915853 0.0952589 0.0426432 0.047993
0 0.233236 0.15954 0.0517578 0.0543921
0 0.225586 0.27196 0.0703125 0.0703898
