0 0.204264 0.0316054 0.0192057 0.0230769
0 0.433594 0.0429766 0.0221354 0.0217391
0 0.609863 0.012709 0.0192057 0.0207358
0 0.733561 0.0202341 0.0198568 0.022408
0 0.978353 0.0123746 0.023763 0.0247492
0 0.478027 0.0294314 0.0218099 0.0247492
0 0.162598 0.0316054 0.0192057 0.0257525
0 0.180664 0.0287625 0.0175781 0.0220736
0 0.347982 0.0249164 0.0182292 0.0204013
0 0.515625 0.0160535 0.0182292 0.0234114
0 0.477865 0.0520067 0.0240885 0.0304348
0 0.198079 0.0404682 0.0218099 0.0274247
0 0.382161 0.0215719 0.0175781 0.0217391
0 0.409668 0.0284281 0.0179036 0.0214047
0 0.131348 0.0389632 0.0250651 0.0331104
0 0.252604 0.0339465 0.0195312 0.0237458
0 0.307943 0.0441472 0.0227865 0.0287625
0 0.613932 0.0344482 0.0208333 0.0254181
0 0.270671 0.0535117 0.0250651 0.0314381
0 0.494141 0.0219064 0.0175781 0.0217391
0 0.628906 0.0764214 0.0338542 0.0431438
0 0.779134 0.0282609 0.023763 0.029097
0 0.668132 0.0489967 0.0283203 0.0324415
0 0.80306 0.0349498 0.0247396 0.0337793
0 0.180176 0.0814381 0.0315755 0.0438127
0 0.864421 0.0493311 0.0309245 0.0324415
0 0.267578 0.115217 0.0410156 0.0551839
0 0.391927 0.104682 0.0403646 0.0602007
0 0.042806 0.109699 0.0432943 0.0541806
0 0.142741 0.0946488 0.0439453 0.0588629
0 0.0974935 0.122241 0.0537109 0.0551839
0 0.98291 0.10903 0.0341797 0.0675585
0 0.897786 0.103679 0.0514323 0.0655518
