0 0.672038 0.0221123 0.0211589 0.0192028
0 0.192871 0.0474251 0.0192057 0.0215304
0 0.249186 0.0490253 0.0192057 0.0212395
0 0.810059 0.0317137 0.0218099 0.0209485
0 0.234212 0.0602269 0.023763 0.0250218
0 0.42627 0.0290951 0.0198568 0.0209485
0 0.316406 0.0320047 0.0175781 0.0197847
0 0.539225 0.0354961 0.0198568 0.0215304
0 0.792643 0.0107652 0.0201823 0.0192028
0 0.559408 0.0302589 0.0192057 0.0215304
0 0.641439 0.0839395 0.0341797 0.0328775
0 0.214681 0.0478615 0.0185547 0.0194937
0 0.288411 0.0525167 0.0221354 0.0224033
0 0.385091 0.044952 0.0214844 0.0206576
0 0.141764 0.01222 0.0198568 0.0197847
0 0.657715 0.0478615 0.0244141 0.0247309
0 0.524577 0.0621181 0.0270182 0.0293861
0 0.164225 0.0673553 0.0244141 0.0270585
0 0.87679 0.0535351 0.0302734 0.0320047
0 0.19694 0.123509 0.0338542 0.0392784
0 0.675456 0.0842304 0.0292969 0.0317137
0 0.106283 0.175735 0.0556641 0.0506255
0 0.487793 0.0880128 0.0276693 0.0317137
0 0.914062 0.0705557 0.0345052 0.0322956
0 0.659342 0.113471 0.0380859 0.0448065
0 0.0597331 0.15595 0.0439453 0.0471341
0 0.280924 0.158278 0.047526 0.0535351
0 0.152995 0.143003 0.046875 0.0497527
0 0.410645 0.144166 0.0458984 0.0584812
0 0.305176 0.230434 0.0576172 0.065755
0 0.920898 0.16046 0.0546875 0.0625546
