0 0.385968 0.0391395 0.0251172 0.0244996
0 0.631447 0.00507918 0.022438 0.0101584
0 0.131279 0.0109053 0.0227729 0.0218106
0 0.115037 0.0101584 0.0197589 0.0203167
0 0.696752 0.00731999 0.0210985 0.01464
0 0.421299 0.0610995 0.0308104 0.0301763
0 0.445579 0.0403346 0.0271266 0.0346579
0 0.734595 0.0095608 0.0190891 0.0191216
0 0.596952 0.0304751 0.0277964 0.0280849
0 0.230576 0.0702121 0.0358339 0.0334628
0 0.396852 0.00985958 0.0187542 0.0179265
0 0.770094 0.0185241 0.025787 0.0262922
0 0.322505 0.0156857 0.0241125 0.0242008
0 0.153382 0.0209143 0.0241125 0.0286824
0 0.154889 0.0712578 0.0378433 0.0397371
0 0.590422 0.0615477 0.0314802 0.0376457
0 0.840422 0.0501942 0.0331547 0.0382432
0 0.0586068 0.133552 0.0582719 0.0627428
0 0.182351 0.143711 0.0539183 0.0555722
0 0.897689 0.0854497 0.0438714 0.0507918
0 0.179002 0.265163 0.0833891 0.0827607
0 0.978064 0.132805 0.0438714 0.0636391
