0 0.446166 0.038659 0.0251223 0.025974
0 0.931974 0.00951374 0.0264274 0.0184234
0 0.609951 0.051646 0.0251223 0.02537
0 0.453344 0.0575355 0.0251223 0.025672
0 0.0758564 0.0329206 0.0205546 0.0223497
0 0.749266 0.0330716 0.0251223 0.0262761
0 0.57814 0.0427363 0.0208809 0.0214437
0 0.699347 0.0237089 0.0212072 0.0232558
0 0.292496 0.0329206 0.0218597 0.0217457
0 0.278467 0.0440954 0.0225122 0.0229538
0 0.447798 0.0783751 0.028385 0.0317125
0 0.113866 0.0292963 0.0202284 0.0211416
0 0.358891 0.0220477 0.0176183 0.0193295
0 0.607667 0.0789792 0.0290375 0.0347327
0 0.852039 0.0709755 0.0368679 0.0410752
0 0.133279 0.0416793 0.0244698 0.0277862
0 0.259706 0.0909091 0.0293638 0.0302024
0 0.184502 0.0880399 0.0362153 0.0347327
0 0.302773 0.165207 0.0482871 0.0567804
0 0.0427406 0.164301 0.0515498 0.051344
0 0.174388 0.158411 0.0531811 0.0631229
0 0.952529 0.0928722 0.0466558 0.0504379
0 0.449429 0.288735 0.0694943 0.0779221
