0 0.299316 0.0460067 0.0257161 0.0245976
0 0.629395 0.0399332 0.0205078 0.027027
0 0.431641 0.0268752 0.0175781 0.0191315
0 0.804525 0.0129062 0.0159505 0.0185241
0 0.668457 0.0271789 0.0192057 0.0209535
0 0.269206 0.0167021 0.0169271 0.0176131
0 0.497396 0.0473732 0.0240885 0.0273307
0 0.416016 0.0388703 0.0182292 0.0206499
0 0.402832 0.0570908 0.023763 0.024294
0 0.336751 0.0798664 0.0263672 0.0273307
0 0.499837 0.0224719 0.0179036 0.0212572
0 0.795247 0.0262678 0.0195312 0.0215609
0 0.582682 0.0226237 0.016276 0.0191315
0 0.448568 0.033556 0.0208333 0.0215609
0 0.444173 0.0725782 0.0263672 0.0303674
0 0.719727 0.0273307 0.0201823 0.0218646
0 0.677246 0.0402369 0.0257161 0.0282417
0 0.517578 0.0361373 0.0234375 0.0273307
0 0.361979 0.0230793 0.0188802 0.0200425
0 0.616048 0.0406924 0.0257161 0.0297601
0 0.427246 0.0570908 0.023112 0.0273307
0 0.559733 0.0273307 0.0198568 0.0230793
0 0.168294 0.0517765 0.0260417 0.0294564
0 0.579264 0.0554206 0.0296224 0.0312785
0 0.524577 0.098846 0.0361328 0.0422108
0 0.285482 0.102035 0.0338542 0.0388703
0 0.398763 0.0762223 0.03125 0.0297601
0 0.19401 0.0712117 0.0292969 0.0306711
0 0.786133 0.0511691 0.0279948 0.0294564
0 0.303548 0.0639235 0.0289714 0.0318858
0 0.237142 0.0778925 0.0296224 0.0318858
0 0.748698 0.0545096 0.0266927 0.0324932
0 0.239746 0.0514728 0.0289714 0.0312785
0 0.692708 0.116459 0.0449219 0.0555724
0 0.818848 0.24218 0.0647786 0.0762223
