0 0.520568 0.0359594 0.0231862 0.0193972
0 0.488968 0.022083 0.0205684 0.0190988
0 0.50561 0.019994 0.0179506 0.0167114
0 0.49439 0.0395404 0.0254301 0.0217845
0 0.401459 0.0234258 0.0183246 0.0176067
0 0.247569 0.022829 0.0216904 0.0211877
0 0.00953628 0.055655 0.0190726 0.0283497
0 0.126028 0.0489406 0.026178 0.025664
0 0.039828 0.0352134 0.0302917 0.0298418
0 0.747195 0.00940018 0.0224383 0.0182035
0 0.357143 0.022829 0.0201945 0.0188004
0 0.208676 0.0262608 0.0239342 0.0232766
0 0.156881 0.0401373 0.0235602 0.0229782
0 0.744203 0.0604297 0.0366492 0.0295434
0 0.496073 0.0614742 0.0317876 0.0274545
0 0.798429 0.0446135 0.0314136 0.0307371
0 0.65015 0.0505819 0.0347794 0.0331244
0 0.465595 0.112653 0.0411369 0.0373023
0 0.079469 0.0543121 0.0317876 0.0280513
0 0.491399 0.09057 0.0418848 0.0408833
0 0.190912 0.104446 0.0385191 0.0435691
0 0.378646 0.105342 0.0422588 0.0429722
0 0.950262 0.0626679 0.0359013 0.0310355
0 0.0566567 0.237989 0.0774121 0.0719188
