0 0.8361 0.202881 0.0146484 0.0136719
0 0.468587 0.2146 0.0172526 0.0146484
0 0.591634 0.190918 0.0152995 0.0131836
0 0.493164 0.187866 0.014974 0.0124512
0 0.532715 0.265747 0.0244141 0.0212402
0 0.286133 0.266113 0.0227865 0.0214844
0 0.364258 0.262573 0.0260417 0.0246582
0 0.143555 0.290405 0.0279948 0.0222168
0 0.338704 0.26709 0.0270182 0.0249023
0 0.311361 0.271484 0.0263672 0.0214844
0 0.630208 0.260254 0.0247396 0.0214844
0 0.594727 0.22644 0.0195312 0.0163574
0 0.342773 0.247437 0.0188802 0.0168457
0 0.48877 0.253174 0.023763 0.0200195
0 0.633464 0.193115 0.0175781 0.0151367
0 0.877279 0.223389 0.0214844 0.019043
0 0.122884 0.254639 0.0205078 0.0185547
0 0.53597 0.248779 0.023112 0.019043
0 0.310547 0.236938 0.0195312 0.0168457
0 0.046875 0.218384 0.0188802 0.0163574
0 0.264486 0.274658 0.0270182 0.0239258
0 0.40332 0.23999 0.0195312 0.0175781
0 0.229818 0.261719 0.0240885 0.0205078
0 0.668294 0.258789 0.0260417 0.0209961
0 0.623698 0.233887 0.0221354 0.0185547
0 0.494792 0.230469 0.0201823 0.0175781
0 0.982096 0.389404 0.0358073 0.0678711
0 0.182943 0.282227 0.0299479 0.0268555
0 0.377441 0.239624 0.0211589 0.0192871
0 0.0602214 0.296753 0.0351562 0.0270996
0 0.986491 0.229004 0.023763 0.0258789
0 0.161947 0.251099 0.0205078 0.017334
0 0.30778 0.288696 0.0335286 0.0270996
0 0.472005 0.313232 0.0364583 0.0336914
