0 0.610514 0.276978 0.0244141 0.0178223
0 0.647135 0.272949 0.0208333 0.0175781
0 0.734863 0.239746 0.0179036 0.0166016
0 0.608236 0.26001 0.0205078 0.0170898
0 0.567708 0.284058 0.0273438 0.0241699
0 0.164062 0.254272 0.0208333 0.0183105
0 0.759766 0.256714 0.0227865 0.0183105
0 0.649251 0.243774 0.0185547 0.0158691
0 0.314453 0.285522 0.0286458 0.0246582
0 0.391927 0.259521 0.0214844 0.0195312
0 0.979818 0.243164 0.0240885 0.0229492
0 0.173177 0.266846 0.0234375 0.0205078
0 0.193197 0.281128 0.0283203 0.0231934
0 0.253743 0.286255 0.0302734 0.0231934
0 0.559245 0.24585 0.0182292 0.0170898
0 0.766113 0.319458 0.0367839 0.0378418
0 0.775228 0.404419 0.0660807 0.0646973
