0 0.316639 0.0467679 0.0200327 0.0166816
0 0.458299 0.133155 0.0539657 0.0446828
0 0.616312 0.0536193 0.026574 0.020852
0 0.477514 0.0753649 0.0343418 0.03098
0 0.0190106 0.085493 0.026574 0.0202562
0 0.742437 0.088025 0.0376124 0.0277033
0 0.602412 0.0351504 0.021668 0.0190646
0 0.455642 0.0443849 0.0249387 0.0214477
0 0.480581 0.0445338 0.0208504 0.018171
0 0.635119 0.0692583 0.033933 0.0271075
0 0.654334 0.0430444 0.0233034 0.0199583
0 0.366926 0.0449806 0.0208504 0.0178731
0 0.746321 0.0338099 0.0224857 0.0187668
0 0.192968 0.0475127 0.0237122 0.0205541
0 0.968929 0.0859398 0.0392478 0.0306822
0 0.149632 0.0494489 0.0245298 0.0214477
0 0.544563 0.023384 0.0278005 0.0235329
0 0.801921 0.069854 0.0347506 0.0294906
0 0.494072 0.0820673 0.0396566 0.0342568
0 0.490188 0.121537 0.0490597 0.0428954
0 0.0948487 0.0659815 0.0261652 0.0223414
0 0.0598937 0.0743223 0.0282093 0.0247245
0 0.128577 0.125261 0.0470155 0.0425976
0 0.69583 0.103366 0.0433361 0.0369377
