0 0.833822 0.0470845 0.023763 0.0218659
0 0.485677 0.0290087 0.015625 0.0172012
0 0.987793 0.0255102 0.0172526 0.0183673
0 0.888835 0.0290087 0.0185547 0.0195335
0 0.560384 0.0386297 0.0192057 0.0183673
0 0.460775 0.0727405 0.0328776 0.0300292
0 0.738281 0.0266764 0.0175781 0.0189504
0 0.587402 0.0379009 0.0198568 0.0204082
0 0.77653 0.0482507 0.0270182 0.0276968
0 0.474447 0.0332362 0.0192057 0.0204082
0 0.59375 0.0580175 0.0266927 0.025656
0 0.698079 0.0393586 0.0185547 0.0209913
0 0.391113 0.0578717 0.0263672 0.0247813
0 0.969727 0.0409621 0.0266927 0.0276968
0 0.542643 0.0769679 0.03125 0.0279883
0 0.822754 0.0323615 0.0198568 0.0209913
0 0.590007 0.0793003 0.0283203 0.0297376
0 0.561849 0.058309 0.0227865 0.025656
0 0.0112305 0.0759475 0.0224609 0.0358601
0 0.619629 0.0239067 0.0179036 0.0198251
0 0.666667 0.0451895 0.0182292 0.0204082
0 0.743815 0.0702624 0.0299479 0.0279883
0 0.396647 0.074344 0.0283203 0.0279883
0 0.645833 0.0511662 0.0247396 0.0282799
0 0.335612 0.0714286 0.0332031 0.0285714
0 0.237305 0.0600583 0.0279948 0.0314869
0 0.983887 0.0639942 0.0296224 0.0306122
0 0.664062 0.111662 0.0364583 0.0367347
0 0.314941 0.0523324 0.0289714 0.0300292
0 0.185221 0.0667638 0.0292969 0.0291545
0 0.972005 0.0962099 0.0416667 0.0460641
0 0.424642 0.0944606 0.0322266 0.0390671
0 0.139486 0.0966472 0.0413411 0.0440233
0 0.803548 0.170262 0.0530599 0.0594752
