0 0.736491 0.0244338 0.0198568 0.022646
0 0.719238 0.0347139 0.0224609 0.022944
0 0.679688 0.00551252 0.0143229 0.011025
0 0.67806 0.0210072 0.0175781 0.0211561
0 0.576172 0.0259237 0.0182292 0.0196663
0 0.396973 0.0901371 0.0309245 0.0318832
0 0.72347 0.0102801 0.0172526 0.0181764
0 0.311523 0.0484207 0.0214844 0.022944
0 0.813477 0.0189213 0.0208333 0.0241359
0 0.453451 0.0280095 0.0195312 0.0214541
0 0.842936 0.0271156 0.0257161 0.0280095
0 0.415202 0.0473778 0.0224609 0.023242
0 0.0758464 0.115912 0.0338542 0.0321812
0 0.652507 0.0646603 0.0302734 0.0274136
0 0.675944 0.0531883 0.0263672 0.0300954
0 0.101888 0.0962455 0.0338542 0.0363528
0 0.25 0.0615316 0.0214844 0.0235399
0 0.351562 0.0542312 0.0266927 0.0303933
0 0.93278 0.0707688 0.0322266 0.0306913
0 0.508789 0.0242849 0.0377604 0.0420143
0 0.666829 0.177592 0.0491536 0.0429082
0 0.980794 0.0995232 0.0377604 0.0506555
0 0.0589193 0.172825 0.0501302 0.0542312
