0 0.989258 0.00462574 0.0214844 0.00925147
0 0.371094 0.00616765 0.0169271 0.0117746
0 0.703451 0.00728904 0.0195312 0.0145781
0 0.620768 0.0100925 0.0195312 0.0179422
0 0.464193 0.0731707 0.0292969 0.0263527
0 0.650716 0.0305579 0.0234375 0.0229885
0 0.5625 0.0151388 0.0188802 0.0190636
0 0.482747 0.0183628 0.0169271 0.0171012
0 0.951335 0.0107934 0.0244141 0.0210261
0 0.464681 0.0473787 0.023112 0.0229885
0 0.457031 0.0301374 0.0201823 0.019344
0 0.742025 0.0262125 0.0250651 0.0232689
0 0.338379 0.0347631 0.0205078 0.0196243
0 0.465169 0.0968601 0.0371094 0.0378469
0 0.157227 0.0584525 0.0214844 0.0221475
0 0.378255 0.0302775 0.0188802 0.0190636
0 0.747721 0.0442949 0.0279948 0.0280348
0 0.206217 0.0328007 0.0211589 0.0218671
0 0.715007 0.0178021 0.0211589 0.0204654
0 0.291667 0.0587328 0.0253906 0.0277544
0 0.69515 0.0609756 0.0341797 0.0294365
0 0.0258789 0.0784973 0.0335286 0.0313989
0 0.352214 0.114101 0.0410156 0.0426128
0 0.613281 0.0552285 0.0299479 0.0325203
0 0.874674 0.0592935 0.0358073 0.0333614
0 0.447754 0.122232 0.0419922 0.0409308
0 0.956217 0.0815812 0.0439453 0.045977
0 0.0514323 0.251612 0.0638021 0.0698066
