0 0.172626 0.0519937 0.0169988 0.0273651
0 0.281653 0.056294 0.0169988 0.0250195
0 0.247069 0.114934 0.0228605 0.0344019
0 0.181419 0.095387 0.0240328 0.0344019
0 0.300996 0.0582486 0.0158265 0.0242377
0 0.397128 0.0641126 0.0158265 0.0234558
0 0.301876 0.0817045 0.0199297 0.0320563
0 0.190211 0.0738859 0.0205158 0.0273651
0 0.346131 0.0523847 0.0158265 0.0250195
0 0.344666 0.100469 0.0234467 0.0383112
0 0.271688 0.139953 0.0310668 0.0484754
0 0.484467 0.106724 0.0240328 0.0398749
0 0.453693 0.173964 0.0375147 0.0570758
0 0.190504 0.148554 0.0304807 0.0469116
0 0.331184 0.263096 0.045721 0.0727131
0 0.217175 0.467553 0.0720985 0.12197
0 0.346131 0.772479 0.136577 0.204848
