0 0.461899 0.0609851 0.014068 0.0234558
0 0.327081 0.0598124 0.0164127 0.0258014
0 0.471278 0.0766224 0.0164127 0.0250195
0 0.430832 0.144253 0.0293083 0.0398749
0 0.294256 0.126271 0.0257913 0.0383112
0 0.208382 0.0523847 0.0169988 0.0265833
0 0.224502 0.0867866 0.021102 0.0312744
0 0.377198 0.0934324 0.0169988 0.0258014
0 0.420574 0.0594214 0.0146542 0.0218921
0 0.495604 0.0801407 0.0169988 0.0258014
0 0.184936 0.202893 0.0439625 0.0602033
0 0.3517 0.0828772 0.017585 0.0297107
0 0.290739 0.161454 0.0293083 0.0414386
0 0.21102 0.120016 0.0257913 0.0414386
0 0.975088 0.296716 0.0474795 0.0930414
0 0.499121 0.107897 0.0205158 0.0328382
0 0.611665 0.138389 0.0275498 0.0422205
0 0.367233 0.143471 0.0263775 0.0461298
0 0.740035 0.19742 0.0369285 0.0523847
0 0.443435 0.202893 0.0685815 0.089914
0 0.213658 0.450352 0.0662368 0.120407
