0 0.0662368 0.0762314 0.0257913 0.0383112
0 0.0832356 0.102033 0.0293083 0.0414386
0 0.182298 0.0355747 0.017585 0.0242377
0 0.332356 0.073104 0.0187573 0.0289288
0 0.0624267 0.0379203 0.0169988 0.0258014
0 0.343787 0.056294 0.0181712 0.028147
0 0.196366 0.0609851 0.021102 0.0297107
0 0.140387 0.0871775 0.0240328 0.0351837
0 0.105217 0.0340109 0.0181712 0.0273651
0 0.223916 0.0758405 0.021102 0.0344019
0 0.153869 0.120407 0.0310668 0.0500391
0 0.0800117 0.136826 0.0287222 0.0437842
0 0.352872 0.147772 0.0375147 0.0578577
0 0.236811 0.263487 0.0468933 0.0719312
0 0.942263 0.313526 0.0709261 0.0906959
0 0.112837 0.459343 0.0744431 0.122752
