0 0.421161 0.186083 0.0685815 0.0922596
0 0.191383 0.0648944 0.0193435 0.0312744
0 0.177022 0.0140735 0.021102 0.0265833
0 0.388628 0.0516028 0.017585 0.0250195
0 0.36694 0.0441751 0.0187573 0.0273651
0 0.471278 0.0754496 0.0187573 0.0273651
0 0.440797 0.0766224 0.0187573 0.0312744
0 0.476553 0.0996873 0.0222743 0.0367475
0 0.286928 0.0402658 0.0158265 0.0258014
0 0.322392 0.0777952 0.021102 0.03362
0 0.584994 0.136435 0.028136 0.0414386
0 0.183177 0.0914777 0.0252052 0.0422205
0 0.344959 0.129007 0.0275498 0.0500391
0 0.162075 0.213057 0.0474795 0.0633307
